0 0.001
0 0.0122428
12 0.010245
23 0.011106
35 0.0122081
49 0.0138593
64 0.0158456
80 0.0157512
97 0.0187375
117 0.0179385
136 0.0202343
157 0.0196844
178 0.0209275
200 0.022195
223 0.0264112
250 0.0260172
277 0.0279199
306 0.0253016
333 0.0261096
360 0.0305275
391 0.031004
424 0.0299157
455 0.0309365
487 0.0317749
520 0.0340312
553 0.0326457
586 0.0325604
620 0.0341134
653 0.0329512
687 0.0343889
720 0.0341051
753 0.0315432
786 0.032832
820 0.0342113
853 0.0333855
885 0.032234
918 0.0322624
952 0.033704
984 0.0319632
1017 0.035099
1051 0.0334897
1084 0.0320307
1117 0.0325857
1150 0.0330914
1183 0.0334273
1215 0.0333393
1247 0.0313261
1280 0.0325052
1313 0.0323197
1346 0.033436
1379 0.0356185
1413 0.032037
1446 0.0328005
1480 0.0348057
1514 0.0333602
1546 0.0332133
1579 0.0317572
1611 0.0318819
1644 0.0339444
1677 0.035517
1712 0.0332745
1744 0.0324562
1777 0.031424
1810 0.0329098
1844 0.0339685
1877 0.0347185
1910 0.0325395
1945 0.033256
1977 0.0318014
2010 0.0327791
2044 0.0351519
2078 0.034034
2111 0.0322861
2144 0.0328443
2178 0.0339334
2211 0.0350694
2245 0.033419
2277 0.0316431
2310 0.032427
2343 0.0326236
2377 0.0347347
2411 0.0335473
2443 0.0324329
2477 0.0335844
2509 0.0318878
2542 0.0328845
2576 0.0365903
