0 0.001
0 0.0327594
32 0.0106808
44 0.0102
56 0.0117691
68 0.0114561
81 0.0134519
95 0.013776
110 0.0150723
126 0.015968
143 0.0170527
161 0.0191425
181 0.0187623
201 0.0200969
222 0.0230018
246 0.022707
270 0.0239906
295 0.024895
321 0.026815
348 0.026472
376 0.028152
405 0.0287074
435 0.0299027
467 0.0313486
499 0.032097
532 0.0331991
564 0.0317844
597 0.0332674
629 0.0317445
662 0.033222
694 0.0322561
727 0.0331005
759 0.0319529
792 0.0327756
826 0.0341256
859 0.0331893
891 0.0321783
925 0.0339393
958 0.0332197
990 0.0315795
1022 0.0321187
1055 0.0330705
1087 0.0319699
1120 0.0330708
1152 0.0323244
1186 0.0338852
1219 0.0326465
1252 0.0328312
1286 0.0341587
1319 0.0343459
1353 0.0330539
1385 0.0318886
1417 0.0319999
1450 0.032892
1484 0.033961
1517 0.0335884
1550 0.0329722
1584 0.0338418
1617 0.0329477
1651 0.0338485
1683 0.0318811
1716 0.0336148
1749 0.032967
1783 0.0341619
1816 0.0323761
1849 0.0338603
1882 0.0320962
1915 0.0333874
1948 0.0330989
1980 0.0318531
2014 0.0327582
2047 0.0330089
2079 0.0322632
2113 0.0342661
2146 0.0327681
2180 0.0341978
2213 0.0329899
2247 0.0335793
2279 0.0322561
2313 0.0340936
2346 0.0333949
2378 0.0316237
2411 0.0331683
2443 0.0316897
2475 0.0320422
2508 0.032879
2542 0.0343628
2576 0.0339251
2609 0.0331415
2641 0.0316987
2673 0.0320129
2706 0.0328727
2740 0.0345614
2774 0.0341437
2807 0.0328581
2841 0.0336764
2873 0.0323576
2907 0.0381752
2944 0.0327807
2978 0.0339551
3011 0.0335434
3043 0.0319636
3076 0.0329351
3110 0.0332051
3142 0.0327511
3176 0.0337545
3209 0.0330499
3241 0.0317706
3273 0.0322652
3307 0.0341745
3340 0.0328431
3374 0.0344698
3407 0.032973
3441 0.0338568
3474 0.0336495
3508 0.032382
3540 0.0332647
3573 0.0336097
3606 0.031876
3639 0.031816
3671 0.0318077
3704 0.033012
3736 0.0322115
3769 0.0333077
3802 0.0329055
3836 0.0352992
3870 0.0323647
3903 0.0408551
3943 0.0322565
3976 0.0335343
4009 0.0325257
4042 0.0329722
4076 0.0339349
4109 0.0330776
4141 0.0323828
4175 0.0340415
4208 0.0333219
4240 0.0320453
4273 0.0325561
4307 0.0339472
4340 0.0330886
4372 0.0324097
4405 0.033027
4437 0.031165
4469 0.0327128
4503 0.0335635
4535 0.0320327
4568 0.0328608
4602 0.0339582
4635 0.0333594
4668 0.0330105
4700 0.0321989
4733 0.0329966
4767 0.0337115
4799 0.031846
4832 0.0329915
4866 0.034484
4900 0.0347331
4933 0.032748
4967 0.0339511
5001 0.0325032
5035 0.0340127
5068 0.0331222
5100 0.0324195
5133 0.0327258
5167 0.033554
5199 0.0321993
5232 0.0338548
5265 0.0320662
5298 0.0329666
5332 0.0341615
5365 0.0332398
5398 0.0328423
5432 0.0341974
5465 0.0327535
5498 0.0330416
5530 0.0326556
5564 0.0336495
5597 0.0327878
5631 0.0338149
5663 0.0321247
5696 0.0346845
5730 0.0329749
5764 0.034246
5797 0.0327945
5831 0.0337005
5864 0.0329643
5898 0.0361419
5933 0.0337612
5966 0.0322289
5999 0.0338035
6032 0.0320445
6065 0.0330014
6097 0.0318353
6129 0.031831
6162 0.0330626
6194 0.031977
6227 0.0329536
6261 0.0340798
6294 0.0337032
6327 0.0322281
6360 0.0332339
6392 0.0316147
6425 0.0333294
6457 0.0321922
6491 0.0326785
6525 0.0338323
6557 0.0332848
6590 0.0320335
6623 0.0328399
6657 0.0340482
6690 0.0332295
6722 0.0317358
6755 0.0330685
6787 0.0324436
6820 0.0324519
6854 0.034246
6887 0.0328664
6921 0.0339819
6954 0.0335244
6986 0.0313506
7019 0.0327764
7053 0.034092
7086 0.0330594
7118 0.0317757
7150 0.0319533
7183 0.0329126
7217 0.0340364
7250 0.0328091
7284 0.0334695
7317 0.0330681
7349 0.031951
7382 0.0329627
7415 0.0331237
7448 0.0327941
7481 0.0328845
7515 0.0343056
7549 0.0338015
7581 0.0320027
7614 0.0334609
7647 0.0324298
7680 0.0332426
7712 0.0320319
7745 0.0329619
7779 0.0340435
7812 0.0328119
7846 0.0338098
7879 0.0330807
7911 0.0318783
7944 0.0332276
7976 0.0321057
8009 0.0330661
8042 0.0318116
8075 0.0330653
8107 0.0319383
8140 0.0328166
8174 0.0340028
8207 0.0330807
8239 0.0318862
8272 0.0331364
8304 0.0318168
8337 0.0331005
8369 0.0321847
8402 0.0329177
8436 0.0340995
8469 0.0329662
8503 0.0334719
8535 0.0325411
8569 0.0337162
8602 0.0327424
8635 0.0349518
8669 0.0325711
8703 0.0336294
8735 0.0323619
8769 0.0341102
8802 0.0327622
8836 0.0340415
8869 0.0327933
8902 0.0333132
8935 0.032671
8968 0.0331557
9000 0.0321543
9034 0.0340072
9067 0.032883
9100 0.0330641
9133 0.0330314
9165 0.0317173
9197 0.0323307
9231 0.0338311
9263 0.032127
9296 0.0329019
9330 0.0341201
9363 0.0328976
9397 0.0340016
9430 0.0329655
9464 0.0342874
9498 0.0339586
9532 0.0327029
9565 0.0331545
9597 0.031904
9630 0.0330349
9662 0.0318787
9695 0.0328968
9729 0.0342484
9762 0.0328115
9796 0.0340751
9829 0.0331932
9861 0.0320157
9894 0.0327728
9928 0.0340612
9961 0.0332907
9993 0.0319616
10026 0.0330349
10058 0.032506
10092 0.0337356
10125 0.0329406
10158 0.0332473
10191 0.0346482
10224 0.0311698
10256 0.0319281
10289 0.0329445
10323 0.0340912
10356 0.0330878
10388 0.0321231
10422 0.0354693
10456 0.032748
10490 0.0345709
10523 0.0328901
10557 0.0335564
10590 0.0327456
10623 0.0331719
10656 0.0332078
10688 0.0319368
10721 0.0333081
10753 0.0326283
10787 0.0334474
10819 0.0321404
10852 0.0328573
10886 0.0339381
10919 0.0337324
10952 0.0320291
10985 0.0333081
11018 0.0319249
11051 0.0329505
11085 0.034038
11118 0.0325853
11151 0.0332662
11184 0.0329714
11218 0.0339377
11251 0.0333452
11283 0.0320082
11316 0.0331265
11348 0.0320224
11381 0.0327562
11415 0.0340494
11448 0.0330255
11480 0.0320804
11513 0.032817
11547 0.0343865
11580 0.0329157
11614 0.0341315
11647 0.0331182
11679 0.0317481
11712 0.0332212
11744 0.0319723
11777 0.0332283
11809 0.0318957
11842 0.0331332
11874 0.0319364
11907 0.0330057
11939 0.0318614
11972 0.0331541
12004 0.0321156
12037 0.0328912
12071 0.0342902
12104 0.0328005
12138 0.033987
12171 0.0330235
12203 0.0322782
12236 0.0327847
12270 0.0341161
12303 0.0328995
12337 0.0340044
12370 0.0329907
12404 0.0341722
12437 0.0331348
12469 0.03175
12502 0.0330882
12535 0.031996
12568 0.0331151
12600 0.0320189
12633 0.0331087
12665 0.0320639
12698 0.0329153
12732 0.0340881
12765 0.0331206
12798 0.0331585
12830 0.0318243
12862 0.0318819
12895 0.0332189
12928 0.033447
12960 0.0317635
12993 0.0332205
13025 0.0318018
13058 0.033211
13090 0.0317331
13123 0.0336843
13155 0.0319762
13188 0.0333037
13221 0.0326216
13254 0.0329276
13288 0.0343763
13321 0.0332414
13354 0.0327768
13387 0.0328901
13421 0.034004
13454 0.032804
13488 0.0341907
13521 0.033027
13553 0.0320098
13586 0.0329015
13620 0.0340198
13653 0.0331466
13685 0.0317777
13718 0.0329986
13750 0.0323599
13783 0.0331423
13815 0.0317556
13848 0.0328956
13882 0.0340991
13915 0.0333326
13948 0.0329343
13981 0.0329153
14015 0.0341437
14049 0.0331198
14082 0.0329035
14115 0.033044
14147 0.0320899
14181 0.0338911
14213 0.0321878
14247 0.0337778
14279 0.0325676
14313 0.0335718
14345 0.0323019
14379 0.0336341
14411 0.0326489
14445 0.034083
14478 0.0325727
14512 0.0340668
14545 0.0330657
14577 0.0320654
14610 0.0328841
14644 0.0348764
14678 0.033616
14710 0.0321322
14743 0.0327104
14777 0.0343131
14810 0.0325818
14844 0.0344899
14877 0.033134
14909 0.031859
14942 0.0329651
14976 0.0710472
15046 0.0345799
15080 0.0340474
15113 0.0386529
15150 0.0301786
15182 0.032067
15215 0.0326418
15248 0.0332102
15280 0.0319202
15313 0.033012
15345 0.0321645
15379 0.0338386
15411 0.0321298
15444 0.0330199
15476 0.0320943
15511 0.0339105
15543 0.0319494
15576 0.0333361
15609 0.0326733
15642 0.033252
15675 0.0324594
15708 0.0331912
15740 0.0320832
15773 0.0334206
15806 0.032654
15839 0.0332686
15872 0.0328873
15905 0.0336385
15938 0.0324862
15972 0.0338201
16004 0.0373838
16041 0.0320276
16074 0.0327026
16107 0.0329047
16141 0.0340076
16174 0.0322368
16207 0.0331869
16240 0.0329647
16274 0.0340052
16307 0.0330049
16339 0.0318014
16371 0.031874
16404 0.0331652
16436 0.0318558
16469 0.0329777
16503 0.0342409
16536 0.0328632
16570 0.0337032
16603 0.0330112
16635 0.0320844
16668 0.0329453
16702 0.0339681
16735 0.0332741
16767 0.0322612
16800 0.0330314
16832 0.0326576
16866 0.0330622
16898 0.0327428
16932 0.0336389
16964 0.0319454
16997 0.0325928
17031 0.038778
17070 0.0331707
17102 0.0319399
17135 0.0331431
17167 0.0319032
17200 0.0329757
17234 0.0342539
17267 0.0331123
17299 0.0317094
17332 0.0341284
17365 0.0318543
17398 0.0327251
17431 0.0330926
17464 0.0331747
17496 0.0318424
17529 0.0345369
17562 0.032292
17595 0.0320347
17628 0.0330476
17660 0.0318199
17693 0.0332528
17725 0.0319766
17758 0.0329647
17792 0.0356114
17827 0.0336981
17860 0.0325557
17893 0.0329299
17927 0.0340652
17960 0.0328533
17994 0.0343506
18027 0.0333598
18060 0.0373293
18096 0.0326895
18130 0.0321633
18163 0.033108
18195 0.0317603
18228 0.0332445
18260 0.0319486
18293 0.0339045
18326 0.0318985
18359 0.0330148
18391 0.0320781
18424 0.0327677
18457 0.0330783
18489 0.031889
18522 0.0330353
18554 0.0317694
18588 0.0342823
18621 0.0319383
18654 0.0331036
18686 0.0318756
18719 0.0331001
18751 0.0318898
18784 0.0329726
18818 0.0339626
18851 0.0330006
18883 0.0320366
18916 0.0329473
18950 0.0340545
18983 0.0329512
19017 0.0344745
19050 0.0326651
19084 0.0387638
19122 0.0335512
19154 0.032054
19187 0.0331672
19220 0.0326579
19253 0.0330701
19285 0.0321519
19318 0.0330049
19350 0.0321369
19383 0.032922
19417 0.034216
19451 0.034276
19484 0.0328466
19518 0.034047
19551 0.0329674
19585 0.0346155
19618 0.032489
19652 0.0343695
19685 0.033243
19717 0.0315791
19750 0.0330843
19782 0.0320773
19815 0.0329797
19849 0.034304
19882 0.0330172
19914 0.0317923
19947 0.0337565
19980 0.0324993
20013 0.0328944
20048 0.0340411
20081 0.0328293
20115 0.0389094
20153 0.0334616
20185 0.0321657
20218 0.0329039
20252 0.0340395
20285 0.0328194
20319 0.0337462
20352 0.033198
20384 0.0321112
20417 0.0327022
20451 0.0342231
20484 0.0328001
20518 0.0339772
20551 0.0328087
20585 0.0338793
20618 0.0330108
20650 0.0320252
20683 0.0330527
20715 0.0319494
20748 0.0330322
20780 0.032129
20813 0.0329666
20847 0.0340755
20880 0.033194
20912 0.0318772
20945 0.0332816
20977 0.0320165
21010 0.0330373
21042 0.0319411
21075 0.0329958
21109 0.0342898
21142 0.0372693
21178 0.0314528
21211 0.0330637
21243 0.0343186
21276 0.0307948
21308 0.0319222
21341 0.0328995
21375 0.0342598
21408 0.0329485
21442 0.0337912
21475 0.032943
21509 0.0342219
21542 0.0337423
21576 0.0323643
21609 0.0329043
21643 0.0339918
21676 0.032624
21709 0.0330602
21741 0.0319857
21774 0.0334984
21807 0.0326852
21841 0.033869
21873 0.0324558
21907 0.033959
21940 0.0328991
21974 0.0344331
22007 0.0326406
22041 0.0340305
22074 0.0332587
22106 0.0318918
22139 0.0329599
22173 0.0391585
22211 0.0333436
22243 0.0319024
22276 0.0330464
22308 0.031679
22341 0.0331541
22373 0.0319553
22406 0.0334585
22438 0.031962
22471 0.0329161
22505 0.0342657
22539 0.0337798
22571 0.0320453
22604 0.0331589
22636 0.0325699
22670 0.0338362
22703 0.0329647
22737 0.0339191
22770 0.033477
22802 0.0315069
22835 0.0332161
22867 0.032022
22900 0.0334577
22932 0.0316691
22965 0.0330085
22997 0.0320264
23030 0.0332185
23063 0.0322589
23096 0.0324491
23130 0.0341524
23163 0.0329856
23197 0.0394735
23235 0.0326919
23269 0.0350074
23303 0.0329805
23337 0.0339937
23370 0.0329883
23404 0.034004
23437 0.0337012
23470 0.0326943
23503 0.0328944
23537 0.0341505
23570 0.0327097
23604 0.034257
23637 0.0329453
23671 0.0339081
23704 0.0329465
23738 0.0341591
23771 0.0332958
23803 0.0319328
23836 0.0328695
23870 0.0341051
23903 0.0337557
23936 0.0321574
23969 0.0331056
24001 0.0320039
24034 0.0330795
24066 0.0318432
24099 0.0330594
24131 0.0319139
24164 0.0332347
24196 0.0323224
24230 0.0386675
24267 0.0322454
24301 0.0339049
24333 0.0321701
24367 0.0338078
24399 0.0319454
24432 0.032956
24466 0.0379439
24503 0.0339464
24536 0.0327539
24571 0.0334762
24603 0.032026
24636 0.0330211
24668 0.0322443
24702 0.0339002
24734 0.0317433
24767 0.0329358
24801 0.0340265
24834 0.0329544
24868 0.0343443
24901 0.0336235
24934 0.0324756
24967 0.0329378
25001 0.0340762
25034 0.0333251
25067 0.0327843
25100 0.0329165
25134 0.0340691
25167 0.0338493
25200 0.0323122
25234 0.039194
25272 0.032849
25306 0.0365236
25341 0.0321097
25374 0.0333764
25407 0.0330602
25439 0.0316691
25471 0.0323414
25505 0.0341564
25538 0.0327148
25571 0.0330097
25603 0.0317958
25636 0.0334411
25669 0.0328648
25702 0.0329856
25736 0.0340664
25769 0.033072
25802 0.0331518
25834 0.0322056
25867 0.0326765
25901 0.0344252
25934 0.0325711
25968 0.0342973
26001 0.0328865
26035 0.0341031
26069 0.0327653
26102 0.0333045
26135 0.0330049
26167 0.0321669
26200 0.0334605
26232 0.031859
26265 0.0375409
26302 0.0318357
26335 0.0333685
26367 0.0316972
26400 0.0330128
26432 0.0320433
26465 0.032937
26499 0.033912
26531 0.0320276
26564 0.0330385
26596 0.0322072
26630 0.0339965
26663 0.0329232
26697 0.0340139
26730 0.0329311
26763 0.0334731
26796 0.0325529
26829 0.0329126
26863 0.0341749
26897 0.033723
26929 0.0321708
26962 0.0336377
26995 0.0328944
27029 0.0336101
27061 0.0322822
27095 0.0337443
27127 0.031752
27160 0.033134
27192 0.032007
27225 0.033301
27258 0.0327551
27291 0.0382269
27329 0.0337944
27361 0.030989
27393 0.0319237
27426 0.0331032
27458 0.0320658
27491 0.0326678
27525 0.0343131
27558 0.0275441
27588 0.0287615
27618 0.0302915
27649 0.0309933
27681 0.0319593
27714 0.033031
27746 0.031996
27779 0.0330128
27811 0.0318598
27844 0.0331573
27876 0.0319443
27909 0.0330266
27941 0.0320481
27974 0.033001
28006 0.0319833
28039 0.0329623
28073 0.0342776
28106 0.0330314
28138 0.0318239
28171 0.0330037
28203 0.0319072
28236 0.0331348
