0 0
39 1
51 2
62 3
73 4
85 5
98 6
112 7
127 8
143 9
160 10
178 11
198 12
219 13
240 14
265 15
289 16
314 17
340 18
367 19
395 20
424 21
454 22
487 23
520 24
553 23
585 24
619 23
652 24
686 23
719 22
751 23
784 24
818 23
851 22
883 23
916 22
949 23
982 22
1015 23
1048 22
1081 21
1113 22
1146 21
1178 22
1211 23
1245 22
1278 23
1312 22
1345 21
1377 22
1410 23
1444 22
1477 21
1509 22
1542 23
1576 22
1609 21
1641 22
1674 21
1707 22
1740 21
1777 22
1811 21
1848 20
1881 21
1913 22
1946 21
1979 20
2012 21
2044 22
2078 21
2111 22
2145 21
2179 22
2212 21
2245 22
2279 21
2311 22
2345 21
2378 22
2412 21
2445 20
2477 21
2510 22
2544 21
2577 20
2609 21
2642 22
2676 21
2709 22
2743 21
2776 22
2809 23
2843 22
2877 21
2909 22
2943 21
2976 22
3009 23
3043 22
3076 23
3110 22
3143 21
3175 22
3208 23
3242 22
3275 21
3307 22
3340 21
3375 20
3407 21
3440 22
3475 21
3507 22
3541 21
3574 22
3608 21
3641 22
3674 21
3707 20
3739 21
3772 20
3805 21
3838 22
3872 21
3905 20
3937 21
3970 22
4003 23
4037 22
4071 21
4103 22
4136 23
4170 22
4203 21
4235 22
4268 21
4300 22
4333 21
4366 22
4399 23
4433 22
4466 23
4500 22
4533 21
4565 22
4598 23
4632 22
4665 21
4697 22
4730 21
4762 20
4794 21
4826 22
4859 21
4893 22
4926 21
4959 22
4994 21
5027 20
5059 21
5092 22
5125 21
5157 22
5190 21
5222 22
5256 21
5289 22
5322 21
5355 22
5389 21
5422 22
5455 21
5487 22
5520 21
5553 22
5587 21
5620 22
5654 21
5687 20
5719 21
5752 20
5784 21
5817 22
5850 21
5883 22
5917 21
5950 22
5983 23
6017 22
6051 21
6084 22
6117 21
6149 22
6182 21
6215 22
6249 21
6281 22
6315 21
6347 22
6381 21
6413 22
6446 21
6479 22
6512 21
6545 20
6577 21
6610 20
6642 21
6675 20
6707 21
6740 22
6774 21
6807 20
6839 21
6872 22
6905 21
6937 22
6970 21
7003 20
7035 21
7067 22
7100 21
7132 22
7165 21
7198 22
7231 23
7265 22
7299 21
7331 22
7364 21
7396 22
7429 23
7463 22
7496 21
7529 22
7562 23
7596 22
7629 23
7663 22
7696 23
7730 22
7763 21
7795 22
7828 21
7860 22
7893 23
7927 22
7960 21
7993 22
8026 23
8060 22
8093 21
8125 22
8158 23
8192 22
8225 23
8258 22
8291 23
8324 22
8357 23
8391 22
8424 23
8457 22
8490 23
8524 22
8557 21
8589 22
8622 21
8654 22
8687 23
8720 22
8753 23
8787 22
8819 23
8853 22
8886 21
8918 22
8951 23
8984 22
9017 21
9049 22
9082 23
9116 22
9149 23
9183 22
9216 23
9250 22
9283 21
9315 22
9348 21
9380 22
9413 21
9445 22
9478 23
9513 22
9546 21
9578 22
9611 21
9644 20
9676 21
9709 22
9742 21
9774 22
9808 21
9841 20
9873 21
9905 22
9939 21
9972 22
10006 21
10039 20
10071 19
10105 20
10137 21
10170 22
10204 21
10237 22
10271 21
10304 22
10338 21
10371 20
10403 21
10435 22
10468 21
10504 22
10537 21
10570 22
10603 21
10635 22
10668 21
10708 22
10742 21
10775 22
10809 21
10842 20
10874 21
10907 20
10939 21
10972 22
11007 21
11040 20
11072 21
11105 20
11137 21
11170 20
11202 21
11235 20
11267 21
11300 22
11334 21
11367 22
11401 21
11434 20
11466 21
11499 20
11531 21
11564 20
11596 21
11629 22
11663 21
11696 20
11728 21
11761 22
11795 21
11828 20
11860 21
11893 22
11927 21
11960 20
11992 21
12025 22
12059 21
12092 20
12124 21
12157 22
12191 21
12224 20
12256 21
12289 22
12322 21
12355 22
12389 21
12421 22
12454 23
12488 22
12523 21
12556 22
12590 21
12623 22
12657 21
12690 22
12724 21
12757 22
12791 21
12824 20
12856 21
12889 20
12921 21
12954 22
12988 21
13021 20
13053 21
13086 20
13118 21
13151 20
13183 21
13216 20
13248 21
13281 20
13313 21
13346 20
13378 21
13410 22
13444 21
13477 20
13509 21
13542 20
13574 21
13607 20
13639 21
13672 20
13704 21
13737 20
13769 21
13801 22
13834 23
13868 22
13901 23
13935 22
13968 21
14001 22
14036 21
14069 22
14102 23
14136 22
14169 21
14202 20
14235 21
14267 22
14301 21
14333 22
14366 23
14400 22
14433 21
14466 22
14499 23
14533 22
14566 23
14600 22
14633 23
14667 22
